5.9949e-009
5.44487e-009
5.38553e-009
5.36142e-009
5.35218e-009
5.35153e-009
5.35924e-009
5.38097e-009
5.4366e-009
5.96337e-009
5.44422e-009
4.81986e-009
4.75264e-009
4.72775e-009
4.71984e-009
4.72098e-009
4.73076e-009
4.75596e-009
4.82174e-009
5.41441e-009
5.38374e-009
4.75266e-009
4.68553e-009
4.67106e-009
4.67055e-009
4.67528e-009
4.68721e-009
4.71473e-009
4.78446e-009
5.35788e-009
5.3579e-009
4.73136e-009
4.66099e-009
4.63171e-009
4.62779e-009
4.63868e-009
4.65266e-009
4.68055e-009
4.74566e-009
5.2736e-009
5.34546e-009
4.73146e-009
4.64604e-009
1.80286e-009
1.38052e-009
1.31554e-009
1.29818e-009
1.30412e-009
1.33397e-009
1.79894e-009
5.3388e-009
4.73194e-009
4.64134e-009
1.40075e-009
8.3179e-010
7.35662e-010
7.08239e-010
7.10853e-010
7.43833e-010
1.25101e-009
5.33462e-009
4.72749e-009
4.63652e-009
1.39918e-009
8.3069e-010
7.3462e-010
7.07251e-010
7.09949e-010
7.43053e-010
1.25021e-009
5.33181e-009
4.71686e-009
4.63011e-009
1.79534e-009
1.37381e-009
1.30894e-009
1.29182e-009
1.2982e-009
1.32871e-009
1.79411e-009
5.33055e-009
4.7018e-009
4.62846e-009
4.59723e-009
4.59235e-009
4.60325e-009
4.61824e-009
4.64818e-009
4.71632e-009
5.24687e-009
5.33121e-009
4.69468e-009
4.6215e-009
4.60332e-009
4.60112e-009
4.60591e-009
4.61961e-009
4.65091e-009
4.72678e-009
5.30628e-009
5.33476e-009
4.69484e-009
4.61504e-009
4.58369e-009
4.5731e-009
4.57432e-009
4.58696e-009
4.6188e-009
4.69729e-009
5.30656e-009
5.34233e-009
4.70098e-009
4.62061e-009
4.58839e-009
4.57673e-009
4.57711e-009
4.58931e-009
4.62126e-009
4.70034e-009
5.32177e-009
5.35642e-009
4.7149e-009
4.63546e-009
4.60354e-009
4.59177e-009
4.5918e-009
4.6035e-009
4.63486e-009
4.71317e-009
5.34083e-009
5.38424e-009
4.74487e-009
4.66837e-009
4.63796e-009
4.62673e-009
4.62663e-009
4.63757e-009
4.66738e-009
4.74293e-009
5.37209e-009
5.44646e-009
4.81628e-009
4.74659e-009
4.71913e-009
4.70898e-009
4.70883e-009
4.71861e-009
4.74549e-009
4.81438e-009
5.43664e-009
6.00289e-009
5.44849e-009
5.3885e-009
5.36382e-009
5.35432e-009
5.35388e-009
5.36242e-009
5.38595e-009
5.44448e-009
5.99184e-009
