-5.40207e-009
-4.77049e-009
-4.8656e-009
-5.46137e-009
-5.71323e-009
-5.78921e-009
-5.83107e-009
-5.87167e-009
-5.93665e-009
-6.5471e-009
-5.39048e-009
-4.74387e-009
-4.69082e-009
-4.68748e-009
-4.70641e-009
-4.7269e-009
-4.74958e-009
-4.78481e-009
-4.85849e-009
-5.56194e-009
-5.38416e-009
-4.72997e-009
-4.66016e-009
-4.64148e-009
-4.64242e-009
-4.65207e-009
-4.67014e-009
-4.70569e-009
-4.78581e-009
-5.4749e-009
-5.38434e-009
-4.72724e-009
-4.65102e-009
-4.62382e-009
-4.61729e-009
-4.62201e-009
-4.63759e-009
-4.67267e-009
-4.75463e-009
-5.43529e-009
-5.39318e-009
-4.73584e-009
-4.65824e-009
-4.62875e-009
-4.61969e-009
-4.62226e-009
-4.63628e-009
-4.67025e-009
-4.75151e-009
-5.42531e-009
-5.41761e-009
-4.76271e-009
-4.68697e-009
-4.65777e-009
-4.64811e-009
-4.64964e-009
-4.66228e-009
-4.6943e-009
-4.77255e-009
-5.43946e-009
-5.47813e-009
-4.83245e-009
-4.76302e-009
-4.73618e-009
-4.72702e-009
-4.72802e-009
-4.73913e-009
-4.76788e-009
-4.83912e-009
-5.49397e-009
-6.04792e-009
-5.47798e-009
-5.41761e-009
-5.39339e-009
-5.38495e-009
-5.38596e-009
-5.3964e-009
-5.42268e-009
-5.48523e-009
-6.06308e-009
