-6.07244e-009
-5.50304e-009
-5.44934e-009
-5.43242e-009
-5.43072e-009
-5.43681e-009
-5.45026e-009
-5.47767e-009
-5.53984e-009
-6.13608e-009
-5.50188e-009
-4.85956e-009
-4.80264e-009
-4.79069e-009
-4.79458e-009
-4.80438e-009
-4.81979e-009
-4.84886e-009
-4.91624e-009
-5.59451e-009
-5.44818e-009
-4.80477e-009
-4.75793e-009
-4.75842e-009
-4.77921e-009
-4.7998e-009
-4.82083e-009
-4.8524e-009
-4.92e-009
-5.62086e-009
-5.4325e-009
-4.80171e-009
-4.90033e-009
-5.50013e-009
-5.75374e-009
-5.82988e-009
-5.87073e-009
-5.90917e-009
-5.97093e-009
-6.58051e-009
