3.21562e-009
2.72936e-009
2.68858e-009
2.66859e-009
2.66047e-009
2.65933e-009
2.66504e-009
2.68208e-009
2.7189e-009
3.18073e-009
2.72878e-009
2.19781e-009
2.15686e-009
2.13748e-009
2.13048e-009
2.13038e-009
2.13698e-009
2.15522e-009
2.19432e-009
2.69218e-009
2.68683e-009
2.15625e-009
2.11292e-009
2.09552e-009
2.09043e-009
2.09176e-009
2.09948e-009
2.11931e-009
2.1614e-009
2.63397e-009
2.66498e-009
2.13663e-009
2.06726e-009
1.96173e-009
1.91151e-009
1.90305e-009
1.90749e-009
1.92552e-009
1.96521e-009
2.41454e-009
2.65381e-009
2.12993e-009
1.97287e-009
1.42648e-009
1.18195e-009
1.12399e-009
1.10994e-009
1.11775e-009
1.14768e-009
1.63065e-009
2.64762e-009
2.12639e-009
1.92673e-009
1.19855e-009
8.49145e-010
7.59241e-010
7.33739e-010
7.36851e-010
7.69044e-010
1.27555e-009
2.64424e-009
2.12312e-009
1.92344e-009
1.19615e-009
8.47106e-010
7.57274e-010
7.31845e-010
7.35073e-010
7.67433e-010
1.27368e-009
2.64278e-009
2.11922e-009
1.96172e-009
1.41689e-009
1.17289e-009
1.11506e-009
1.10128e-009
1.10957e-009
1.14023e-009
1.62272e-009
2.64302e-009
2.11509e-009
2.04394e-009
1.93756e-009
1.88691e-009
1.87849e-009
1.88358e-009
1.90289e-009
1.94447e-009
2.39376e-009
2.6449e-009
2.1142e-009
2.06704e-009
2.0473e-009
2.04114e-009
2.04251e-009
2.05138e-009
2.07361e-009
2.11962e-009
2.59298e-009
2.64883e-009
2.11631e-009
2.06744e-009
2.04397e-009
2.03527e-009
2.03525e-009
2.04369e-009
2.06615e-009
2.11328e-009
2.61388e-009
2.65569e-009
2.12196e-009
2.0733e-009
2.04991e-009
2.04111e-009
2.04093e-009
2.04925e-009
2.07173e-009
2.119e-009
2.63208e-009
2.66747e-009
2.13274e-009
2.08494e-009
2.06203e-009
2.05343e-009
2.05321e-009
2.0613e-009
2.08341e-009
2.1301e-009
2.65044e-009
2.68996e-009
2.15482e-009
2.10902e-009
2.0872e-009
2.07906e-009
2.07885e-009
2.0865e-009
2.10764e-009
2.15256e-009
2.67708e-009
2.73255e-009
2.19779e-009
2.1563e-009
2.13643e-009
2.12904e-009
2.12884e-009
2.13578e-009
2.15508e-009
2.19584e-009
2.72234e-009
3.2239e-009
2.73441e-009
2.69381e-009
2.67416e-009
2.66654e-009
2.66607e-009
2.67273e-009
2.69125e-009
2.7304e-009
3.21246e-009
