-3.28256e-009
-2.77745e-009
-2.74097e-009
-2.7268e-009
-2.72493e-009
-2.72961e-009
-2.74052e-009
-2.76296e-009
-2.80666e-009
-3.3407e-009
-2.7759e-009
-2.22726e-009
-2.19391e-009
-2.18417e-009
-2.18629e-009
-2.19321e-009
-2.20463e-009
-2.22629e-009
-2.26718e-009
-2.85579e-009
-2.73861e-009
-2.19428e-009
-2.16613e-009
-2.16144e-009
-2.1729e-009
-2.18667e-009
-2.20217e-009
-2.22596e-009
-2.26772e-009
-2.88154e-009
-2.72404e-009
-2.18803e-009
-2.27522e-009
-2.74978e-009
-2.98783e-009
-3.06933e-009
-3.11163e-009
-3.14777e-009
-3.19276e-009
-3.74837e-009
