-2.69952e-009
-2.16526e-009
-2.24998e-009
-2.72097e-009
-2.9574e-009
-3.0387e-009
-3.08166e-009
-3.11923e-009
-3.16632e-009
-3.72019e-009
-2.69238e-009
-2.15014e-009
-2.11804e-009
-2.11091e-009
-2.12117e-009
-2.13485e-009
-2.1514e-009
-2.17749e-009
-2.22309e-009
-2.83411e-009
-2.68891e-009
-2.14246e-009
-2.101e-009
-2.08698e-009
-2.08719e-009
-2.09401e-009
-2.1071e-009
-2.13284e-009
-2.18171e-009
-2.76691e-009
-2.69014e-009
-2.14166e-009
-2.09624e-009
-2.07679e-009
-2.07206e-009
-2.07542e-009
-2.08657e-009
-2.11167e-009
-2.16139e-009
-2.73499e-009
-2.69786e-009
-2.14849e-009
-2.1022e-009
-2.08127e-009
-2.07485e-009
-2.0767e-009
-2.0867e-009
-2.11093e-009
-2.16002e-009
-2.72666e-009
-2.71774e-009
-2.16825e-009
-2.12311e-009
-2.10232e-009
-2.09547e-009
-2.09659e-009
-2.10563e-009
-2.12853e-009
-2.17561e-009
-2.73761e-009
-2.75918e-009
-2.20995e-009
-2.16873e-009
-2.14941e-009
-2.14285e-009
-2.14359e-009
-2.15161e-009
-2.17238e-009
-2.21502e-009
-2.77379e-009
-3.26358e-009
-2.75933e-009
-2.71834e-009
-2.69911e-009
-2.69243e-009
-2.69327e-009
-2.70163e-009
-2.72264e-009
-2.7656e-009
-3.27817e-009
