0.085 0.005 0.01
0.085 0.015 0.01
0.085 0.025 0.01
0.085 0.035 0.01
0.085 0.045 0.01
0.085 0.055 0.01
0.085 0.065 0.01
0.085 0.075 0.01
0.085 0.085 0.01
0.085 0.095 0.01
0.095 0.005 0.01
0.095 0.015 0.01
0.095 0.025 0.01
0.095 0.035 0.01
0.095 0.045 0.01
0.095 0.055 0.01
0.095 0.065 0.01
0.095 0.075 0.01
0.095 0.085 0.01
0.095 0.095 0.01
0.105 0.005 0.01
0.105 0.015 0.01
0.105 0.025 0.01
0.105 0.035 0.01
0.105 0.045 0.01
0.105 0.055 0.01
0.105 0.065 0.01
0.105 0.075 0.01
0.105 0.085 0.01
0.105 0.095 0.01
0.115 0.005 0.01
0.115 0.015 0.01
0.115 0.025 0.01
0.115 0.035 0.01
0.115 0.045 0.01
0.115 0.055 0.01
0.115 0.065 0.01
0.115 0.075 0.01
0.115 0.085 0.01
0.115 0.095 0.01
0.125 0.005 0.01
0.125 0.015 0.01
0.125 0.025 0.01
0.125 0.035 0.01
0.125 0.045 0.01
0.125 0.055 0.01
0.125 0.065 0.01
0.125 0.075 0.01
0.125 0.085 0.01
0.125 0.095 0.01
0.135 0.005 0.01
0.135 0.015 0.01
0.135 0.025 0.01
0.135 0.035 0.01
0.135 0.045 0.01
0.135 0.055 0.01
0.135 0.065 0.01
0.135 0.075 0.01
0.135 0.085 0.01
0.135 0.095 0.01
0.145 0.005 0.01
0.145 0.015 0.01
0.145 0.025 0.01
0.145 0.035 0.01
0.145 0.045 0.01
0.145 0.055 0.01
0.145 0.065 0.01
0.145 0.075 0.01
0.145 0.085 0.01
0.145 0.095 0.01
0.155 0.005 0.01
0.155 0.015 0.01
0.155 0.025 0.01
0.155 0.035 0.01
0.155 0.045 0.01
0.155 0.055 0.01
0.155 0.065 0.01
0.155 0.075 0.01
0.155 0.085 0.01
0.155 0.095 0.01
