2.57635e-009
2.05673e-009
2.01867e-009
1.99846e-009
1.99029e-009
1.98926e-009
1.99523e-009
2.01268e-009
2.04641e-009
2.5438e-009
2.05591e-009
1.506e-009
1.47336e-009
1.4551e-009
1.44818e-009
1.44781e-009
1.45378e-009
1.47047e-009
1.49997e-009
2.01955e-009
2.01644e-009
1.47194e-009
1.43383e-009
1.41002e-009
1.39945e-009
1.39789e-009
1.40394e-009
1.42164e-009
1.45336e-009
1.94932e-009
1.99394e-009
1.44972e-009
1.38917e-009
1.31449e-009
1.26921e-009
1.25498e-009
1.25624e-009
1.27166e-009
1.30322e-009
1.78359e-009
1.98212e-009
1.43561e-009
1.32492e-009
1.11548e-009
9.82189e-010
9.35635e-010
9.23919e-010
9.32652e-010
9.63182e-010
1.45461e-009
1.97542e-009
1.42717e-009
1.28555e-009
9.9665e-010
8.05616e-010
7.35555e-010
7.14348e-010
7.18968e-010
7.52079e-010
1.253e-009
1.97188e-009
1.42412e-009
1.28245e-009
9.93846e-010
8.02995e-010
7.32999e-010
7.11871e-010
7.16617e-010
7.49907e-010
1.25031e-009
1.97062e-009
1.42561e-009
1.31449e-009
1.10538e-009
9.72304e-010
9.25867e-010
9.14415e-010
9.23615e-010
9.54826e-010
1.44481e-009
1.97117e-009
1.42966e-009
1.36767e-009
1.29226e-009
1.24666e-009
1.23249e-009
1.23429e-009
1.25076e-009
1.28389e-009
1.76193e-009
1.97331e-009
1.43306e-009
1.3918e-009
1.36616e-009
1.35473e-009
1.35322e-009
1.3602e-009
1.37984e-009
1.41483e-009
1.9072e-009
1.97738e-009
1.43632e-009
1.39721e-009
1.37566e-009
1.36738e-009
1.36711e-009
1.37462e-009
1.39479e-009
1.43096e-009
1.94285e-009
1.98435e-009
1.44187e-009
1.4032e-009
1.38208e-009
1.37408e-009
1.37387e-009
1.38135e-009
1.40157e-009
1.43827e-009
1.96186e-009
1.9963e-009
1.45196e-009
1.41403e-009
1.39339e-009
1.38561e-009
1.38541e-009
1.39271e-009
1.41263e-009
1.44911e-009
1.98029e-009
2.01906e-009
1.4723e-009
1.43601e-009
1.41625e-009
1.40887e-009
1.40868e-009
1.41563e-009
1.43479e-009
1.46996e-009
2.00699e-009
2.05908e-009
1.50658e-009
1.47378e-009
1.45562e-009
1.44885e-009
1.44866e-009
1.45502e-009
1.47265e-009
1.50452e-009
2.04943e-009
2.58294e-009
2.06099e-009
2.02301e-009
2.00315e-009
1.99545e-009
1.99504e-009
2.00187e-009
2.02069e-009
2.05716e-009
2.57233e-009
