-2.01759e-009
-1.4777e-009
-1.55513e-009
-1.94267e-009
-2.15961e-009
-2.24574e-009
-2.29309e-009
-2.33397e-009
-2.38206e-009
-2.9594e-009
-2.01222e-009
-1.46381e-009
-1.44004e-009
-1.43649e-009
-1.44744e-009
-1.46046e-009
-1.47592e-009
-1.50042e-009
-1.53988e-009
-2.15622e-009
-2.01033e-009
-1.45787e-009
-1.42458e-009
-1.41126e-009
-1.41088e-009
-1.41668e-009
-1.42844e-009
-1.45193e-009
-1.49297e-009
-2.08438e-009
-2.01284e-009
-1.45817e-009
-1.42167e-009
-1.40382e-009
-1.39924e-009
-1.40204e-009
-1.41201e-009
-1.43471e-009
-1.47568e-009
-2.05509e-009
-2.02159e-009
-1.46509e-009
-1.42796e-009
-1.40892e-009
-1.40297e-009
-1.40452e-009
-1.41349e-009
-1.43536e-009
-1.47543e-009
-2.0487e-009
-2.04235e-009
-1.48358e-009
-1.44744e-009
-1.42852e-009
-1.42222e-009
-1.42316e-009
-1.43132e-009
-1.45207e-009
-1.49027e-009
-2.06109e-009
-2.08187e-009
-1.51723e-009
-1.48425e-009
-1.46655e-009
-1.46049e-009
-1.46113e-009
-1.46846e-009
-1.48746e-009
-1.52197e-009
-2.09576e-009
-2.61668e-009
-2.08249e-009
-2.04382e-009
-2.02428e-009
-2.01742e-009
-2.01817e-009
-2.02655e-009
-2.04772e-009
-2.08841e-009
-2.63048e-009
