-2.63253e-009
-2.09747e-009
-2.06234e-009
-2.04693e-009
-2.04406e-009
-2.0481e-009
-2.05884e-009
-2.08162e-009
-2.1241e-009
-2.6874e-009
-2.09553e-009
-1.53104e-009
-1.50429e-009
-1.49445e-009
-1.49565e-009
-1.50159e-009
-1.51203e-009
-1.5323e-009
-1.56703e-009
-2.17171e-009
-2.0591e-009
-1.50449e-009
-1.48393e-009
-1.48236e-009
-1.49432e-009
-1.50742e-009
-1.52204e-009
-1.54471e-009
-1.58111e-009
-2.20439e-009
-2.04257e-009
-1.49884e-009
-1.57842e-009
-1.96936e-009
-2.1879e-009
-2.27428e-009
-2.3211e-009
-2.36084e-009
-2.40725e-009
-2.98851e-009
