1.92783e-09
1.45173e-09
1.41686e-09
1.40225e-09
1.39948e-09
1.40513e-09
1.42042e-09
1.45069e-09
1.50461e-09
2.0349e-09
1.34313e-09
8.6194e-10
8.34366e-10
8.23284e-10
8.23153e-10
8.32132e-10
8.53509e-10
8.93581e-10
9.52422e-10
1.50473e-09
1.18314e-09
7.19219e-10
6.86366e-10
6.75824e-10
6.79471e-10
6.96659e-10
7.34277e-10
8.0212e-10
8.9322e-10
1.45032e-09
1.06048e-09
6.05813e-10
5.68129e-10
5.58055e-10
5.6539e-10
5.90518e-10
6.43234e-10
7.35418e-10
8.53207e-10
1.41927e-09
9.98151e-10
5.4958e-10
5.08941e-10
4.98787e-10
5.08051e-10
5.3757e-10
5.98366e-10
7.02742e-10
8.33206e-10
1.40299e-09
9.92348e-10
5.45303e-10
5.0427e-10
4.93763e-10
5.02805e-10
5.32259e-10
5.93109e-10
6.97578e-10
8.28151e-10
1.39599e-09
1.04057e-09
5.90765e-10
5.51569e-10
5.40215e-10
5.46783e-10
5.71736e-10
6.24772e-10
7.17546e-10
8.3607e-10
1.396e-09
1.13904e-09
6.8419e-10
6.47203e-10
6.33407e-10
6.3523e-10
6.52154e-10
6.90962e-10
7.61152e-10
8.55347e-10
1.40122e-09
1.25325e-09
7.88555e-10
7.49017e-10
7.28832e-10
7.23977e-10
7.32529e-10
7.57688e-10
8.05704e-10
8.7526e-10
1.40769e-09
1.32987e-09
8.43925e-10
7.89192e-10
7.54261e-10
7.40413e-10
7.43892e-10
7.65672e-10
8.10969e-10
8.78474e-10
1.41073e-09
1.36531e-09
8.51189e-10
7.70138e-10
7.13138e-10
6.88442e-10
6.90027e-10
7.18078e-10
7.79103e-10
8.66119e-10
1.41096e-09
1.38529e-09
8.49487e-10
7.49371e-10
6.76549e-10
6.44235e-10
6.45196e-10
6.79411e-10
7.54291e-10
8.57827e-10
1.41457e-09
1.40704e-09
8.6197e-10
7.61538e-10
6.88719e-10
6.56321e-10
6.56981e-10
6.90654e-10
7.64817e-10
8.67588e-10
1.42769e-09
1.44124e-09
8.97191e-10
8.15496e-10
7.58529e-10
7.33502e-10
7.33962e-10
7.59897e-10
8.17886e-10
9.014e-10
1.45684e-09
1.4981e-09
9.53955e-10
8.99761e-10
8.64981e-10
8.50033e-10
8.50377e-10
8.66039e-10
9.01707e-10
9.57462e-10
1.51071e-09
2.03109e-09
1.50726e-09
1.45708e-09
1.43076e-09
1.42013e-09
1.42068e-09
1.43248e-09
1.46024e-09
1.51261e-09
2.04463e-09
