-2.11597e-009
-1.56871e-009
-1.52471e-009
-1.50703e-009
-1.50298e-009
-1.50663e-009
-1.51789e-009
-1.54265e-009
-1.59432e-009
-2.16785e-009
-1.56633e-009
-1.00768e-009
-9.78597e-010
-9.69564e-010
-9.70847e-010
-9.76628e-010
-9.86758e-010
-1.00638e-009
-1.04457e-009
-1.64085e-009
-1.52073e-009
-9.78861e-010
-9.56976e-010
-9.57962e-010
-9.70783e-010
-9.845e-010
-9.99433e-010
-1.02189e-009
-1.06164e-009
-1.66561e-009
-1.50162e-009
-9.74137e-010
-1.02771e-009
-1.30942e-009
-1.48147e-009
-1.5611e-009
-1.60991e-009
-1.65424e-009
-1.71368e-009
-2.29932e-009
