2.07313e-009
1.53636e-009
1.48987e-009
1.46783e-009
1.4588e-009
1.45757e-009
1.46401e-009
1.48287e-009
1.5246e-009
2.04331e-009
1.53484e-009
9.8535e-010
9.50059e-010
9.31777e-010
9.23833e-010
9.22255e-010
9.26902e-010
9.41494e-010
9.71979e-010
1.49785e-009
1.48622e-009
9.47883e-010
9.06758e-010
8.82186e-010
8.69058e-010
8.64441e-010
8.67833e-010
8.82553e-010
9.14893e-010
1.41978e-009
1.46068e-009
9.24703e-010
8.72832e-010
8.32014e-010
8.04809e-010
7.92043e-010
7.9147e-010
8.04654e-010
8.38384e-010
1.33064e-009
1.44649e-009
9.09047e-010
8.41827e-010
7.75574e-010
7.26288e-010
7.00941e-010
6.94127e-010
7.04585e-010
7.40195e-010
1.22715e-009
1.43822e-009
8.99302e-010
8.21281e-010
7.3697e-010
6.71663e-010
6.36986e-010
6.25519e-010
6.34059e-010
6.71459e-010
1.15654e-009
1.43429e-009
8.96414e-010
8.18314e-010
7.33991e-010
6.68701e-010
6.34057e-010
6.2266e-010
6.31311e-010
6.68845e-010
1.15294e-009
1.43377e-009
8.99623e-010
8.32047e-010
7.65622e-010
7.1629e-010
6.91013e-010
6.84421e-010
6.95253e-010
7.3134e-010
1.21518e-009
1.43561e-009
9.0597e-010
8.53163e-010
8.11739e-010
7.84259e-010
7.71556e-010
7.71404e-010
7.85357e-010
8.20149e-010
1.30643e-009
1.43903e-009
9.11986e-010
8.68818e-010
8.4299e-010
8.29284e-010
8.24733e-010
8.28842e-010
8.44963e-010
8.79497e-010
1.37369e-009
1.44408e-009
9.17136e-010
8.77572e-010
8.57089e-010
8.48252e-010
8.46806e-010
8.52615e-010
8.69684e-010
9.04721e-010
1.40903e-009
1.45186e-009
9.23257e-010
8.8488e-010
8.65921e-010
8.58462e-010
8.57932e-010
8.64237e-010
8.81627e-010
9.17224e-010
1.43038e-009
1.46481e-009
9.32938e-010
8.95296e-010
8.77013e-010
8.70054e-010
8.69784e-010
8.76128e-010
8.93458e-010
9.29194e-010
1.45013e-009
1.48935e-009
9.51695e-010
9.1519e-010
8.97601e-010
8.91009e-010
8.90817e-010
8.96966e-010
9.13856e-010
9.48949e-010
1.47848e-009
1.53771e-009
9.87384e-010
9.53235e-010
9.36721e-010
9.30552e-010
9.30373e-010
9.36138e-010
9.52053e-010
9.85071e-010
1.52904e-009
2.07784e-009
1.5399e-009
1.4938e-009
1.47246e-009
1.46426e-009
1.4639e-009
1.47135e-009
1.49172e-009
1.53632e-009
2.06864e-009
