-1.47465e-009
-9.54365e-010
-1.00636e-009
-1.28508e-009
-1.45568e-009
-1.53502e-009
-1.58417e-009
-1.62925e-009
-1.68962e-009
-2.26777e-009
-1.47024e-009
-9.41139e-010
-9.1717e-010
-9.16729e-010
-9.28761e-010
-9.42369e-010
-9.57864e-010
-9.81538e-010
-1.02317e-009
-1.61363e-009
-1.46958e-009
-9.35767e-010
-9.02328e-010
-8.90871e-010
-8.90977e-010
-8.96578e-010
-9.07529e-010
-9.2922e-010
-9.71439e-010
-1.54174e-009
-1.47353e-009
-9.36546e-010
-8.99958e-010
-8.84095e-010
-8.80002e-010
-8.82496e-010
-8.91464e-010
-9.12016e-010
-9.53625e-010
-1.51383e-009
-1.484e-009
-9.43453e-010
-9.06134e-010
-8.89108e-010
-8.83714e-010
-8.85026e-010
-8.93016e-010
-9.12701e-010
-9.53261e-010
-1.50943e-009
-1.50719e-009
-9.60842e-010
-9.24081e-010
-9.07039e-010
-9.01305e-010
-9.02094e-010
-9.09412e-010
-9.28164e-010
-9.67182e-010
-1.52462e-009
-1.55552e-009
-9.96401e-010
-9.61761e-010
-9.4549e-010
-9.39877e-010
-9.40421e-010
-9.47141e-010
-9.6465e-010
-1.00098e-009
-1.56843e-009
-2.10361e-009
-1.55689e-009
-1.50999e-009
-1.48881e-009
-1.48126e-009
-1.48191e-009
-1.49081e-009
-1.51351e-009
-1.56242e-009
-2.11619e-009
