-2.3134e-009
-1.76667e-009
-1.7279e-009
-1.71138e-009
-1.7078e-009
-1.71152e-009
-1.72241e-009
-1.746e-009
-1.79233e-009
-2.3663e-009
-1.76448e-009
-1.19864e-009
-1.17217e-009
-1.16288e-009
-1.16404e-009
-1.16976e-009
-1.17988e-009
-1.19953e-009
-1.23471e-009
-1.83962e-009
-1.72422e-009
-1.17245e-009
-1.153e-009
-1.15352e-009
-1.16631e-009
-1.17983e-009
-1.19454e-009
-1.21689e-009
-1.25378e-009
-1.87094e-009
-1.70641e-009
-1.16772e-009
-1.23477e-009
-1.56298e-009
-1.75707e-009
-1.8415e-009
-1.89026e-009
-1.93265e-009
-1.9849e-009
-2.57349e-009
