-1.68051e-009
-1.14745e-009
-1.21264e-009
-1.53766e-009
-1.73021e-009
-1.81437e-009
-1.86356e-009
-1.90688e-009
-1.96042e-009
-2.5432e-009
-1.6758e-009
-1.13376e-009
-1.11169e-009
-1.11054e-009
-1.12245e-009
-1.13587e-009
-1.15127e-009
-1.17511e-009
-1.21444e-009
-1.82113e-009
-1.67472e-009
-1.12824e-009
-1.09641e-009
-1.08422e-009
-1.08401e-009
-1.08957e-009
-1.10074e-009
-1.12298e-009
-1.16322e-009
-1.74758e-009
-1.6781e-009
-1.12893e-009
-1.09399e-009
-1.07736e-009
-1.07298e-009
-1.07552e-009
-1.08483e-009
-1.10609e-009
-1.14584e-009
-1.71901e-009
-1.68779e-009
-1.13589e-009
-1.10032e-009
-1.08257e-009
-1.07692e-009
-1.0783e-009
-1.08665e-009
-1.10707e-009
-1.14575e-009
-1.7138e-009
-1.70964e-009
-1.15357e-009
-1.1188e-009
-1.10112e-009
-1.09515e-009
-1.09599e-009
-1.10363e-009
-1.12304e-009
-1.15998e-009
-1.72758e-009
-1.75267e-009
-1.18656e-009
-1.15438e-009
-1.1377e-009
-1.13192e-009
-1.1325e-009
-1.13944e-009
-1.15737e-009
-1.19118e-009
-1.76598e-009
-2.29971e-009
-1.75369e-009
-1.71185e-009
-1.69166e-009
-1.68448e-009
-1.68517e-009
-1.69376e-009
-1.7155e-009
-1.75938e-009
-2.3128e-009
