2.26519e-009
1.73106e-009
1.68986e-009
1.66898e-009
1.66048e-009
1.65943e-009
1.66567e-009
1.68367e-009
1.72022e-009
2.23434e-009
1.7299e-009
1.17558e-009
1.14328e-009
1.1252e-009
1.11775e-009
1.11677e-009
1.12206e-009
1.1374e-009
1.1654e-009
1.69286e-009
1.68691e-009
1.14131e-009
1.10266e-009
1.07745e-009
1.0645e-009
1.06079e-009
1.06525e-009
1.08105e-009
1.11103e-009
1.61663e-009
1.66304e-009
1.1181e-009
1.0635e-009
1.01011e-009
9.74698e-010
9.60108e-010
9.59838e-010
9.73622e-010
1.00469e-009
1.49711e-009
1.64995e-009
1.10196e-009
1.02007e-009
9.12644e-010
8.34689e-010
7.99834e-010
7.90484e-010
7.99944e-010
8.3264e-010
1.32444e-009
1.64236e-009
1.0919e-009
9.91359e-010
8.47275e-010
7.39074e-010
6.89058e-010
6.72849e-010
6.79363e-010
7.14421e-010
1.208e-009
1.63863e-009
1.08896e-009
9.88337e-010
8.44326e-010
7.36196e-010
6.86228e-010
6.70095e-010
6.76732e-010
7.11953e-010
1.20478e-009
1.63783e-009
1.09232e-009
1.01001e-009
9.02541e-010
8.24624e-010
7.89862e-010
7.80757e-010
7.9064e-010
8.23927e-010
1.31341e-009
1.63914e-009
1.09886e-009
1.04307e-009
9.89013e-010
9.53308e-010
9.38784e-010
9.38985e-010
9.53657e-010
9.86051e-010
1.47419e-009
1.64195e-009
1.1044e-009
1.06316e-009
1.03644e-009
1.02279e-009
1.01914e-009
1.02441e-009
1.04185e-009
1.07456e-009
1.57274e-009
1.64646e-009
1.10883e-009
1.07123e-009
1.05045e-009
1.04189e-009
1.04102e-009
1.04765e-009
1.06595e-009
1.09951e-009
1.61135e-009
1.65377e-009
1.11461e-009
1.07791e-009
1.05826e-009
1.05065e-009
1.05032e-009
1.05719e-009
1.07568e-009
1.10989e-009
1.63196e-009
1.66613e-009
1.12438e-009
1.0884e-009
1.0693e-009
1.06204e-009
1.06183e-009
1.0686e-009
1.08691e-009
1.12114e-009
1.65094e-009
1.68956e-009
1.14358e-009
1.10897e-009
1.09063e-009
1.08373e-009
1.08355e-009
1.09005e-009
1.10776e-009
1.14106e-009
1.6782e-009
1.73273e-009
1.17683e-009
1.14508e-009
1.12806e-009
1.12166e-009
1.12149e-009
1.12749e-009
1.14395e-009
1.17464e-009
1.72363e-009
2.27056e-009
1.73476e-009
1.69373e-009
1.67331e-009
1.6654e-009
1.66502e-009
1.67214e-009
1.69157e-009
1.73107e-009
2.26073e-009
