0.005 0.005 0.02
0.005 0.015 0.02
0.005 0.025 0.02
0.005 0.035 0.02
0.005 0.045 0.02
0.005 0.055 0.02
0.005 0.065 0.02
0.005 0.075 0.02
0.005 0.085 0.02
0.005 0.095 0.02
0.015 0.005 0.02
0.015 0.015 0.02
0.015 0.025 0.02
0.015 0.035 0.02
0.015 0.045 0.02
0.015 0.055 0.02
0.015 0.065 0.02
0.015 0.075 0.02
0.015 0.085 0.02
0.015 0.095 0.02
0.025 0.005 0.02
0.025 0.015 0.02
0.025 0.025 0.02
0.025 0.035 0.02
0.025 0.045 0.02
0.025 0.055 0.02
0.025 0.065 0.02
0.025 0.075 0.02
0.025 0.085 0.02
0.025 0.095 0.02
0.035 0.005 0.02
0.035 0.015 0.02
0.035 0.025 0.02
0.035 0.035 0.02
0.035 0.045 0.02
0.035 0.055 0.02
0.035 0.065 0.02
0.035 0.075 0.02
0.035 0.085 0.02
0.035 0.095 0.02
